20100624 34.03 35.29 33.81 35.29 +10.01 4.61 7015555 243401060 35.08 10638 -7.34
20100625 34.60 34.95 32.00 32.70 -7.34 8.36 10378329 345457740 51.89 15844 +10.00
20100628 33.00 35.97 32.82 35.97 +10.00 9.63 10549196 371881730 52.75 18061 +5.31
20100629 35.32 38.41 34.80 37.88 +5.31 10.04 10685084 386222650 53.43 17797 -3.88
20100630 37.48 37.48 35.00 36.41 -3.88 6.55 6390135 232551000 31.95 11503 -2.22
20100701 36.35 38.20 35.54 35.60 -2.22 7.31 6267027 231601280 31.34 12092 -9.41
20100702 34.50 34.50 32.04 32.25 -9.41 6.91 6207194 203519590 31.04 11856 -3.91
20100705 30.80 31.66 30.01 30.99 -3.91 5.12 3478527 106828953 17.39 7143 +1.48
20100706 30.61 31.88 30.60 31.45 +1.48 4.13 3574687 111936061 17.87 6327 +0.83
20100707 31.25 32.27 30.00 31.71 +0.83 7.22 3974236 123618313 19.87 7556 +1.80
20100708 31.00 32.68 30.50 32.28 +1.80 6.87 4212821 134306530 21.06 7834 +0.25
20100709 32.00 33.10 31.08 32.36 +0.25 6.26 3710296 119033879 18.55 7053 -0.80
20100712 32.05 32.54 31.86 32.10 -0.80 2.10 2230834 71816219 11.15 4232 -3.74
20100713 31.85 31.85 30.81 30.90 -3.74 3.24 1944259 60765575 9.72 4132 +4.85
20100714 30.70 33.90 30.70 32.40 +4.85 10.36 3233341 105163426 16.17 6498 -1.57
20100715 32.16 33.32 31.75 31.89 -1.57 4.85 2408276 78463922 12.04 4399 +0.85
20100716 31.50 32.50 31.21 32.16 +0.85 4.05 1467894 46944463 7.34 3006 +1.83
20100719 31.78 32.95 31.72 32.75 +1.83 3.82 1486361 48535818 7.43 2875 +0.85
20100720 32.60 33.45 32.43 33.03 +0.85 3.11 2359597 77618846 11.80 4063 +0.12
20100721 33.00 33.68 32.82 33.07 +0.12 2.60 1759990 58429509 8.80 3296 +0.42
20100722 32.90 33.30 32.31 33.21 +0.42 2.99 1651774 54310487 8.26 3031 -1.54
20100723 32.98 33.28 32.29 32.70 -1.54 2.98 1597101 52257962 7.99 2874 +0.49
20100726 32.75 32.97 32.43 32.86 +0.49 1.65 1225974 40110538 6.13 2229 -2.04
20100727 32.92 32.92 32.18 32.19 -2.04 2.25 1258492 40903914 6.29 2258 +3.32
20100729 32.84 33.85 32.80 33.26 +3.32 3.26 3470441 115614876 17.35 5470 -2.13
20100730 33.00 33.05 32.30 32.55 -2.13 2.25 1930984 62863926 9.65 3343 +1.78
20100802 32.60 33.30 32.54 33.13 +1.78 2.33 1670878 55128480 8.35 3110 -0.24
20100803 33.23 33.72 33.00 33.05 -0.24 2.17 1877297 62565637 9.39 3425 +4.69
20100804 33.05 35.00 33.05 34.60 +4.69 5.90 3191474 109379339 15.96 5520 -1.50
20100805 34.45 34.70 33.72 34.08 -1.50 2.83 1799741 61592873 9.00 3066 +1.76
20100806 33.94 35.00 33.84 34.68 +1.76 3.40 1668876 57443291 8.34 2706 +0.32
20100809 34.68 35.40 34.33 34.79 +0.32 3.09 1900027 65825348 9.50 2889 -4.14
20100810 34.78 34.81 33.31 33.35 -4.14 4.31 1940242 65824570 9.70 3159 -1.05
20100811 33.20 33.59 32.60 33.00 -1.05 2.97 1419949 46976465 7.10 2298 -1.42
20100812 32.60 33.29 32.45 32.53 -1.42 2.55 1024760 33665387 5.12 1888 +2.09
20100813 33.00 33.69 32.66 33.21 +2.09 3.17 1014175 33679085 5.07 1942 +1.02
20100816 33.29 33.73 33.12 33.55 +1.02 1.84 1279730 42798387 6.40 2013 +0.63
20100817 33.54 34.37 33.50 33.76 +0.63 2.59 1384178 46963342 6.92 2331 -2.16
20100818 33.76 33.80 32.85 33.03 -2.16 2.81 1333358 44256706 6.67 2256 +2.27
20100819 33.03 34.09 33.03 33.78 +2.27 3.21 2157963 72654048 10.79 3162 +4.20
20100820 33.61 35.99 33.51 35.20 +4.20 7.34 4198700 146932250 20.99 6412 +0.85
20100823 35.18 36.08 35.03 35.50 +0.85 2.98 2625727 93380983 13.13 3734 -0.23
20100824 35.21 35.50 34.58 35.42 -0.23 2.59 1447778 50777715 7.24 2241 -0.96
20100825 35.09 36.84 34.88 35.08 -0.96 5.53 2562571 91643465 12.81 3697 +0.31
20100826 34.98 35.52 34.63 35.19 +0.31 2.54 1551412 54355619 7.76 2071 +0.45
20100827 35.00 35.60 34.60 35.35 +0.45 2.84 948987 33416210 4.74 1721 +2.55
20100830 35.37 36.48 35.20 36.25 +2.55 3.62 1597083 57428895 7.99 2337 +1.10
20100831 36.05 36.90 35.60 36.65 +1.10 3.59 1529831 55262046 7.65 2337 -3.19
20100901 36.50 37.38 35.00 35.48 -3.19 6.49 1597153 57591813 7.99 2482 +3.66
20100902 35.62 37.00 35.42 36.78 +3.66 4.45 1373418 49851396 6.87 2266 +4.21
20100903 37.42 40.45 37.42 38.33 +4.21 8.24 3149019 122534626 15.75 4403 -3.68
20100906 38.60 38.60 36.30 36.92 -3.68 6.00 1796962 67064402 8.98 2587 +2.65
20100907 37.00 38.16 36.45 37.90 +2.65 4.63 863450 32240429 4.32 1556 -0.63
20100908 37.60 37.98 37.30 37.66 -0.63 1.79 908109 34136881 4.54 1351 -1.22
20100909 37.30 38.88 37.06 37.20 -1.22 4.83 1152865 43764464 5.76 1962 +2.02
20100910 37.05 38.25 37.03 37.95 +2.02 3.28 1091419 41126969 5.46 1514 +0.92
20100913 37.50 38.44 37.50 38.30 +0.92 2.48 660128 25078983 3.30 1260 +3.99
20100914 38.50 40.10 38.13 39.83 +3.99 5.14 1544554 60529840 7.72 2258 +2.71
20100915 39.43 43.20 39.43 40.91 +2.71 9.47 2565009 105944679 12.83 3612 -3.20
20100916 40.45 41.18 39.11 39.60 -3.20 5.06 1120974 44788040 5.60 2261 +0.38
20100917 39.55 41.50 39.30 39.75 +0.38 5.56 914231 37027276 4.57 1753 -4.25
20100920 39.39 39.55 37.41 38.06 -4.25 5.38 980292 37393206 4.90 1858 -0.95
20100921 38.25 39.35 37.70 37.70 -0.95 4.34 668287 25730575 3.34 1252 -2.79
20100927 37.70 37.70 35.20 36.65 -2.79 6.63 3233162 116542559 12.93 3599 +1.56
20100928 36.60 38.00 36.40 37.22 +1.56 4.37 1673998 62469394 6.70 2042 -2.71
20100929 37.00 37.50 35.89 36.21 -2.71 4.33 1394677 51263019 5.58 1438 +3.87
20100930 36.31 37.78 36.30 37.61 +3.87 4.09 948210 35309301 3.79 1288 +0.77
20101008 37.40 38.40 37.15 37.90 +0.77 3.32 1039090 39345476 4.16 1375 -4.75
20101011 37.63 38.26 36.00 36.10 -4.75 5.96 1557083 57089697 6.23 2330 -1.14
20101012 36.46 36.91 35.27 35.69 -1.14 4.54 1616873 58188378 6.47 2706 -0.31
20101013 35.77 35.77 34.78 35.58 -0.31 2.77 1505724 52925356 6.02 2232 +0.53
20101014 35.75 36.97 35.75 35.77 +0.53 3.43 1376353 49934901 5.51 2263 +0.36
20101015 36.68 36.70 35.30 35.90 +0.36 3.91 1161663 41739324 4.65 1767 -2.51
20101018 35.86 35.98 34.03 35.00 -2.51 5.43 813491 28220730 3.25 1415 +3.60
20101019 35.25 36.63 34.75 36.26 +3.60 5.37 784273 28293010 3.14 1331 +0.17
20101020 35.50 37.20 35.43 36.32 +0.17 4.88 999858 36697676 4.00 1495 -0.55
20101021 36.33 36.60 35.68 36.12 -0.55 2.53 536093 19308288 2.14 1047 +1.38
20101022 36.80 37.08 36.12 36.62 +1.38 2.66 849183 31174852 3.40 1334 +4.04
20101025 37.29 38.35 37.09 38.10 +4.04 3.44 1525368 57792609 6.10 2326 +0.68
20101026 38.00 40.23 38.00 38.36 +0.68 5.85 1703070 66353130 6.81 2998 -1.09
20101027 38.00 38.35 37.60 37.94 -1.09 1.96 829124 31462400 3.32 1521 +2.35
20101028 37.99 39.59 37.98 38.83 +2.35 4.24 1016228 39524280 4.06 1744 +0.93
20101029 38.60 39.45 38.60 39.19 +0.93 2.19 773173 30175135 3.09 1393 +1.17
20101101 39.34 40.05 39.00 39.65 +1.17 2.68 1137272 45101880 4.55 1738 -3.78
20101102 39.95 39.95 38.15 38.15 -3.78 4.54 1281924 49886089 5.13 2214 +0.92
20101104 38.40 39.00 37.66 38.50 +0.92 3.51 840143 32147029 3.36 1330 -0.78
20101105 38.58 38.93 37.85 38.20 -0.78 2.81 728254 27844981 2.91 1326 +5.24
20101108 38.88 40.61 38.40 40.20 +5.24 5.79 1468084 58363519 5.87 2519 +0.55
20101109 40.20 41.36 39.86 40.42 +0.55 3.73 1275909 51771587 5.10 1920 +2.70
20101110 41.00 42.70 40.42 41.51 +2.70 5.64 1392520 58080296 5.57 2028 -1.71
20101111 41.15 41.90 40.50 40.80 -1.71 3.37 1054350 43603805 4.22 1558 -6.00
20101112 40.78 40.78 37.72 38.35 -6.00 7.50 1668330 64824900 6.67 2379 +4.56
20101115 38.30 40.15 38.30 40.10 +4.56 4.82 1226531 48048939 4.91 1718 -2.94
20101116 40.11 40.47 38.30 38.92 -2.94 5.41 1502267 59572838 6.01 1685 +0.72
20101117 38.68 39.92 38.68 39.20 +0.72 3.19 1385966 54206549 5.54 1360 +1.02
20101118 39.51 39.90 38.51 39.60 +1.02 3.55 518457 20269474 2.07 932 +10.00
20101119 39.65 43.56 39.35 43.56 +10.00 10.63 2583578 109030443 10.33 3404 +2.27
20101122 44.20 45.89 43.56 44.55 +2.27 5.35 2115204 94615140 8.46 2950 +2.36
20101123 45.00 46.60 44.01 45.60 +2.36 5.81 1787000 81326688 7.15 2951 +0.88
20101124 45.50 46.00 44.80 46.00 +0.88 2.63 1279153 57821267 5.12 2312 -1.13
20101125 46.44 46.89 45.37 45.48 -1.13 3.30 1338226 61807008 5.35 1829 +0.24
20101126 45.20 45.95 44.43 45.59 +0.24 3.34 1382843 62076499 5.53 2450 +9.61
20101129 45.40 50.15 44.70 49.97 +9.61 11.95 1845273 88561390 7.38 2714 -3.72
20101130 48.96 50.35 46.51 48.11 -3.72 7.68 1685393 81383503 6.74 2941 +0.50
20101201 47.90 48.50 47.23 48.35 +0.50 2.64 691617 33105800 2.77 2262 -1.55
20101202 48.68 49.48 46.81 47.60 -1.55 5.52 847726 40525861 3.39 2260 -2.31
20101203 47.30 47.30 45.50 46.50 -2.31 3.78 782110 36155211 3.13 2372 -6.45
20101206 46.09 46.48 43.26 43.50 -6.45 6.92 1300297 57965435 5.20 1982 +2.76
20101207 43.39 44.90 42.80 44.70 +2.76 4.83 1048537 45839984 4.19 1874 -1.57
20101208 44.38 46.00 43.76 44.00 -1.57 5.01 984283 44246718 3.94 1747 +3.98
20101209 44.00 47.98 43.50 45.75 +3.98 10.18 1836530 84680823 7.35 2968 +1.64
20101210 45.80 46.50 45.00 46.50 +1.64 3.28 938325 43121841 3.75 1432 +2.90
20101213 46.89 49.28 46.38 47.85 +2.90 6.24 1965193 94756434 7.86 2451 +0.90
20101214 47.62 49.41 47.61 48.28 +0.90 3.76 1240423 60089892 4.96 1515 -0.39
20101215 48.19 48.76 47.36 48.09 -0.39 2.90 538153 25786786 2.15 1117 -0.50
20101216 48.09 48.59 47.80 47.85 -0.50 1.64 836666 40225113 3.35 1349 -2.13
20101217 47.60 47.79 46.56 46.83 -2.13 2.57 877627 41140229 3.51 1462 +2.50
20101220 47.11 48.48 44.44 48.00 +2.50 8.63 1406498 66137548 5.63 2556 -1.67
20101221 48.17 48.17 46.83 47.20 -1.67 2.79 588610 27954209 2.35 1079 -2.01
20101222 47.00 47.58 46.25 46.25 -2.01 2.82 503381 23427420 2.01 871 -2.29
20101223 46.19 46.23 45.05 45.19 -2.29 2.55 677820 30919708 2.71 1126 -5.24
20101224 44.50 45.18 42.70 42.82 -5.24 5.49 727124 31606127 2.91 1732 -0.98
20101227 43.10 44.44 42.40 42.40 -0.98 4.76 883948 38470083 3.54 1483 +0.35
20101228 42.00 43.43 41.71 42.55 +0.35 4.06 684564 29298349 2.74 894 -3.01
20110512 46.60 46.60 40.50 41.27 -3.01 14.34 4834816 210983720 19.34 5741 -5.98
20110513 39.95 39.95 38.01 38.80 -5.98 4.70 2185437 84962946 8.74 3100 -0.70
20110516 38.34 39.08 37.55 38.53 -0.70 3.94 823123 31624424 3.29 1445 -0.08
20110517 38.03 38.78 37.81 38.50 -0.08 2.52 647468 24755995 2.59 1018 -1.43
20110518 38.10 38.50 37.66 37.95 -1.43 2.18 475585 18059829 1.90 943 -2.50
20110519 37.60 38.21 35.81 37.00 -2.50 6.32 814318 30062543 3.26 1790 +2.57
20110520 36.78 37.95 36.03 37.95 +2.57 5.19 636955 23665239 2.55 1308 -2.56
20110523 37.61 37.66 36.34 36.98 -2.56 3.48 438042 16283592 1.75 881 +3.49
20110524 37.36 38.46 36.40 38.27 +3.49 5.57 537872 20199820 2.15 974 -0.71
20110525 38.01 38.65 37.79 38.00 -0.71 2.25 332631 12665033 1.33 608 -3.89
20110526 38.00 38.58 36.52 36.52 -3.89 5.42 314950 11708974 1.26 666 -5.78
20110527 36.52 36.52 34.18 34.41 -5.78 6.41 601539 21122899 2.41 959 -5.52
20110530 34.20 34.20 32.50 32.51 -5.52 4.94 589331 19652264 2.36 719 +1.63
20110531 32.70 33.75 32.70 33.04 +1.63 3.23 427523 14174789 1.71 588 +2.18
20110601 33.09 34.00 32.83 33.76 +2.18 3.54 283306 9446903 1.13 524 -3.26
20110602 33.29 33.65 32.00 32.66 -3.26 4.89 250853 8206005 1.00 525 +2.20
20110603 32.73 33.53 32.61 33.38 +2.20 2.82 287510 9562088 1.15 530 +3.95
20110607 33.38 36.20 33.10 34.70 +3.95 9.29 743644 25796910 2.97 1079 -0.06
20110608 34.05 34.73 33.38 34.68 -0.06 3.89 442651 15106208 1.77 685 -3.17
20110609 34.42 34.70 33.58 33.58 -3.17 3.23 304201 10307180 1.22 473 +0.66
20110610 33.68 33.80 32.47 33.80 +0.66 3.96 335280 11048081 1.34 538 +0.27
20110613 33.50 34.19 32.80 33.89 +0.27 4.11 220763 7425855 0.88 363 +2.07
20110614 33.95 35.01 33.95 34.59 +2.07 3.13 327290 11318118 1.31 512 +1.27
20110615 35.10 36.49 34.70 35.03 +1.27 5.17 400280 14221154 1.60 963 -2.94
20110616 34.58 34.58 33.38 34.00 -2.94 3.43 212292 7217529 0.85 469 -0.74
20110617 33.56 34.45 33.55 33.75 -0.74 2.65 118741 4035365 0.47 287 -5.19
20110620 33.60 33.80 32.00 32.00 -5.19 5.33 340642 11155804 1.36 637 -2.69
20110621 32.05 32.50 30.80 31.14 -2.69 5.31 364260 11369778 1.46 742 +0.45
20110622 31.34 31.60 31.08 31.28 +0.45 1.67 159584 4988415 0.64 312 +2.05
20110623 31.13 32.20 30.63 31.92 +2.05 5.02 283867 9033027 0.54 491 +3.32
20110624 31.80 33.15 31.62 32.98 +3.32 4.79 640190 20852011 1.23 650 +2.49
20110627 32.98 34.10 32.88 33.80 +2.49 3.70 671076 22683880 1.29 699 -0.18
20110628 33.55 34.00 33.55 33.74 -0.18 1.33 278538 9407884 0.53 419 +1.51
20110630 33.83 34.40 33.35 34.25 +1.51 3.11 533683 18213031 1.07 596 +0.32
20110701 34.28 34.85 34.21 34.36 +0.32 1.87 251622 8681377 0.50 402 +1.05
20110704 34.50 34.93 34.43 34.72 +1.05 1.46 360307 12478483 0.72 457 +0.06
20110705 34.72 34.93 34.50 34.74 +0.06 1.24 276315 9567973 0.55 347 -0.78
20110706 35.50 35.68 34.23 34.47 -0.78 4.17 184939 6379815 0.37 343 +6.18
20110707 34.33 37.38 34.33 36.60 +6.18 8.85 788034 28524453 1.58 1336 +0.49
20110708 36.50 37.25 35.70 36.78 +0.49 4.23 442260 16224983 0.89 743 +1.55
20110711 36.52 37.78 36.31 37.35 +1.55 4.00 296557 11061436 0.59 541 -1.66
20110712 37.16 37.35 36.50 36.73 -1.66 2.28 274567 10083172 0.55 490 +1.17
20110713 36.70 37.79 36.70 37.16 +1.17 2.97 315208 11741815 0.63 470 +0.54
20110714 37.66 37.66 37.05 37.36 +0.54 1.64 347941 12946553 0.70 478 -2.17
20110715 37.11 37.11 35.70 36.55 -2.17 3.77 581511 21189092 1.17 1058 +2.05
20110718 36.93 37.37 36.47 37.30 +2.05 2.46 369437 13672998 0.74 616 -0.05
20110719 37.14 37.86 36.80 37.28 -0.05 2.84 353040 13209839 0.71 590 +4.69
20110720 37.37 39.90 37.16 39.03 +4.69 7.35 730087 27900227 1.46 1213 -1.54
20110721 38.77 38.77 38.21 38.43 -1.54 1.43 227857 8767081 0.46 434 +0.70
20110722 38.43 39.19 38.08 38.70 +0.70 2.89 246355 9546431 0.49 469 -4.39
20110725 38.70 38.81 37.00 37.00 -4.39 4.68 433099 16346251 0.87 696 +7.03
20110727 37.30 39.97 37.02 39.60 +7.03 7.97 612442 23952922 1.23 1016 -0.25
20110728 39.29 39.70 39.02 39.50 -0.25 1.72 289685 11388943 0.58 512 -2.43
20110729 39.66 39.66 38.40 38.54 -2.43 3.19 346210 13455408 0.69 468 +0.10
20110801 38.54 38.89 38.40 38.58 +0.10 1.27 161020 6217195 0.32 285 -0.98
20110802 37.88 38.55 37.37 38.20 -0.98 3.06 191689 7281085 0.38 310 +2.33
20110803 38.01 39.94 37.10 39.09 +2.33 7.43 315429 12272655 0.63 476 +1.33
20110804 39.09 39.98 38.85 39.61 +1.33 2.89 408579 16137758 0.82 524 -2.80
20110805 38.45 39.00 37.80 38.50 -2.80 3.03 834682 32139806 1.67 786 -7.51
20110808 37.60 37.78 35.57 35.61 -7.51 5.74 704645 25745563 1.41 898 -1.99
20110809 34.53 35.88 34.13 34.90 -1.99 4.91 437590 15391858 0.88 488 +1.43
20110810 35.40 36.06 35.14 35.40 +1.43 2.64 321650 11415255 0.65 502 +0.62
20110811 34.48 35.80 34.48 35.62 +0.62 3.73 266873 9416869 0.54 401 +6.40
20110812 35.96 38.55 35.96 37.90 +6.40 7.27 369596 13796314 0.74 750 +2.11
20110815 39.05 39.48 38.00 38.70 +2.11 3.91 715013 27788309 1.43 1068 +0.26
20110816 38.50 39.45 38.30 38.80 +0.26 2.97 285582 11076831 0.57 617 +0.00
20110817 38.81 39.00 38.50 38.80 +0.00 1.29 153760 5963008 0.31 372 +0.49
20110818 38.66 39.68 38.53 38.99 +0.49 2.96 417052 16377729 0.84 747 -1.41
20110819 38.20 38.57 37.79 38.44 -1.41 2.00 242669 9259890 0.49 457 -0.88
20110822 38.20 38.56 38.00 38.10 -0.88 1.46 186707 7149269 0.37 408 +3.52
20110823 38.40 40.00 38.02 39.44 +3.52 5.20 321880 12554046 0.65 470 +1.65
20110824 39.60 40.46 39.20 40.09 +1.65 3.19 317601 12733857 0.64 737 +0.17
20110825 40.50 40.54 39.75 40.16 +0.17 1.97 333803 13427272 0.67 522 -0.37
20110826 40.10 40.39 40.00 40.01 -0.37 0.97 153493 6151547 0.31 303 -0.27
20110829 40.03 40.29 39.72 39.90 -0.27 1.42 157032 6284351 0.31 306 -2.88
20110830 40.38 40.38 38.59 38.75 -2.88 4.49 220431 8746719 0.44 465 +1.42
20110901 38.90 39.63 38.86 39.30 +1.42 1.99 188748 7425924 0.38 335 -2.49
20110902 38.98 39.44 38.31 38.32 -2.49 2.88 159665 6161939 0.32 290 +0.60
20110905 38.23 39.00 37.21 38.55 +0.60 4.67 163687 6202963 0.33 336 -1.50
20110906 38.02 38.48 37.73 37.97 -1.50 1.95 55400 2107704 0.11 151 +1.76
20110907 38.89 38.89 37.80 38.64 +1.76 2.87 157500 6037241 0.32 265 -0.72
20110908 38.95 39.27 38.19 38.36 -0.72 2.80 184038 7129948 0.37 368 +0.08
20110909 38.02 38.58 37.20 38.39 +0.08 3.60 120452 4594025 0.24 277 -1.64
20110913 38.15 38.15 37.58 37.76 -1.64 1.48 62077 2343198 0.12 112 +1.56
20110914 37.53 38.48 37.53 38.35 +1.56 2.52 79030 3008726 0.16 186 +1.38
20110915 38.56 39.00 38.22 38.88 +1.38 2.03 163332 6333310 0.33 377 -1.03
20110916 38.71 39.49 38.42 38.48 -1.03 2.75 156069 6055126 0.31 374 -53.51
20110919 18.52 19.20 17.83 17.89 -53.51 3.56 351453 6409370 0.35 595 +0.06
20110920 17.80 18.23 17.50 17.90 +0.06 4.08 264118 4728612 0.26 356 +3.13
20110921 17.92 18.48 17.76 18.46 +3.13 4.02 249016 4551817 0.25 309 -3.52
20110922 18.10 18.50 17.79 17.81 -3.52 3.85 237830 4292642 0.24 317 +0.39
20110923 17.60 17.88 17.10 17.88 +0.39 4.38 276895 4815534 0.28 410 -2.46
20110926 17.52 17.87 17.42 17.44 -2.46 2.52 89204 1562609 0.09 215 +0.34
20110927 17.50 17.68 17.30 17.50 +0.34 2.18 145503 2547290 0.15 186 -3.43
20110928 17.70 17.70 16.21 16.90 -3.43 8.51 482264 8118686 0.48 530 -4.97
20110929 16.40 16.72 16.06 16.06 -4.97 3.91 204050 3346565 0.20 274 +1.25
20110930 16.38 16.38 16.03 16.26 +1.25 2.18 114782 1853570 0.12 159 +1.48
20111010 16.26 16.54 16.14 16.50 +1.48 2.46 324291 5271120 0.33 241 -0.67
20111011 16.66 18.13 16.00 16.39 -0.67 12.91 436159 7314657 0.44 517 +3.11
20111012 16.32 16.96 15.05 16.90 +3.11 11.65 271784 4522802 0.27 372 +2.37
20111013 16.80 17.30 16.80 17.30 +2.37 2.96 478831 8194786 0.48 448 +6.13
20111014 17.39 18.60 17.08 18.36 +6.13 8.79 1502887 26945206 1.51 1166 +6.21
20111017 18.09 19.78 17.88 19.50 +6.21 10.35 2947050 55960987 2.95 2954 -6.46
20111018 19.33 19.33 18.16 18.24 -6.46 6.00 1214576 22809796 1.22 1753 -0.16
20111019 18.00 18.69 18.00 18.21 -0.16 3.78 638340 11758111 0.64 770 -9.99
20111020 18.03 18.03 16.39 16.39 -9.99 9.01 1584221 26602873 1.59 1499 -0.24
20111021 16.60 17.00 16.30 16.35 -0.24 4.27 1183001 19644367 1.19 1186 +2.75
20111024 16.04 16.80 15.66 16.80 +2.75 6.97 1193506 19420126 1.20 1058 +2.50
20111025 16.70 17.70 16.36 17.22 +2.50 7.98 991270 16927328 0.99 1073 +0.52
20111026 17.00 17.64 16.90 17.31 +0.52 4.30 775185 13386777 0.78 791 -0.64
20111027 17.09 17.50 17.05 17.20 -0.64 2.60 477411 8219382 0.48 490 +2.85
20111028 17.60 18.02 17.30 17.69 +2.85 4.19 947721 16709772 0.95 756 +4.92
20111031 17.65 18.89 17.50 18.56 +4.92 7.86 1620221 29595472 1.62 1335 -0.59
20111101 18.30 18.72 18.20 18.45 -0.59 2.80 1076705 19899688 1.08 1135 +3.69
20111102 17.99 19.22 17.87 19.13 +3.69 7.32 2024577 37866697 2.03 1828 +1.46
20111103 19.42 19.93 19.15 19.41 +1.46 4.08 2644475 51905723 2.65 2322 +5.31
20111104 19.49 20.60 19.38 20.44 +5.31 6.29 2992852 59927574 3.00 2551 +0.73
20111107 20.60 20.95 19.97 20.59 +0.73 4.79 1995678 41084156 2.00 2266 -0.92
20111109 20.20 20.68 19.50 20.40 -0.92 5.73 1553156 31266542 1.56 1750 -1.86
20111110 20.00 21.00 19.91 20.02 -1.86 5.34 1365908 27928170 1.37 1604 -2.45
20111111 19.89 20.24 19.33 19.53 -2.45 4.55 1024721 20190356 1.03 1207 +3.69
20111114 19.53 20.28 19.53 20.25 +3.69 3.84 1347346 26894986 1.35 1173 +1.23
20111115 20.45 20.80 20.00 20.50 +1.23 3.95 809457 16441116 0.81 993 -3.32
20111116 20.78 21.00 19.80 19.82 -3.32 5.85 959083 19447438 0.96 1084 +4.04
20111117 19.94 20.65 19.80 20.62 +4.04 4.29 1530097 31157433 1.53 1387 -3.10
20111118 20.41 20.56 19.80 19.98 -3.10 3.69 926663 18656851 0.93 939 -1.30
20111121 19.73 19.96 19.36 19.72 -1.30 3.00 445782 8728897 0.45 610 +2.84
20111122 19.67 20.31 19.50 20.28 +2.84 4.11 896046 17854282 0.90 896 +1.97
20111123 20.28 20.99 20.13 20.68 +1.97 4.24 1085063 22397235 1.09 1134 +4.84
20111124 20.63 21.68 20.28 21.68 +4.84 6.77 1804095 38242292 1.81 2107 -0.60
20111125 21.82 21.90 21.30 21.55 -0.60 2.77 1227382 26484657 1.23 1504 -1.30
20111128 21.55 21.88 21.10 21.27 -1.30 3.62 919826 19766447 0.92 1081 +1.27
20111129 21.39 22.30 21.39 21.54 +1.27 4.28 1071524 23249065 1.07 1162 -7.15
20111130 21.32 21.74 19.68 20.00 -7.15 9.56 1446991 29625426 1.45 1623 +4.35
20111201 20.50 20.95 20.28 20.87 +4.35 3.35 1902609 39230637 1.91 1337 -2.01
20111202 20.79 20.79 19.80 20.45 -2.01 4.74 774294 15718370 0.78 919 -2.74
20111205 20.45 20.45 19.71 19.89 -2.74 3.62 630575 12583758 0.63 589 -3.02
20111206 20.00 20.00 19.00 19.29 -3.02 5.03 942950 18279013 0.95 645 +1.09
20111207 19.00 19.50 19.00 19.50 +1.09 2.59 779203 14967300 0.78 491 -1.79
20111208 19.35 19.35 17.60 19.15 -1.79 8.97 1334853 25063890 1.34 1160 -3.39
20111209 18.85 18.96 18.50 18.50 -3.39 2.40 528200 9840276 0.53 597 -4.76
20111212 18.68 18.68 17.61 17.62 -4.76 5.78 656700 11747723 0.66 669 -8.23
20111213 17.22 17.43 15.86 16.17 -8.23 8.91 2120691 34385788 2.13 1143 +0.80
20111214 15.99 16.60 15.63 16.30 +0.80 6.00 673929 10939487 0.68 712 -1.23
20111215 16.17 16.45 15.91 16.10 -1.23 3.31 327460 5303689 0.33 449 +5.28
20111216 16.10 16.95 16.02 16.95 +5.28 5.78 723277 11931209 0.73 723 +1.47
20111219 16.81 17.25 16.29 17.20 +1.47 5.66 603638 10171108 0.61 604 -0.29
20111220 17.23 17.56 16.89 17.15 -0.29 3.90 607175 10511467 0.61 795 +1.05
20111221 17.28 17.38 16.90 17.33 +1.05 2.80 575999 9915544 0.58 677 -1.33
20111222 17.20 17.31 16.40 17.10 -1.33 5.25 535786 9020212 0.54 545 +0.64
20111223 17.10 17.37 16.76 17.21 +0.64 3.57 363556 6220000 0.36 366 +0.58
20111226 18.00 18.00 17.30 17.31 +0.58 4.07 474581 8432288 0.48 571 -1.79
20111227 17.10 17.67 16.71 17.00 -1.79 5.55 296426 5096315 0.30 544 -3.94
20111228 16.85 17.07 15.91 16.33 -3.94 6.82 548544 8941912 0.55 824 +7.29
20111229 16.10 17.66 16.05 17.52 +7.29 9.86 870046 14667908 0.87 762 +3.60
20111230 17.35 18.20 17.00 18.15 +3.60 6.85 1515332 26838718 1.52 1027 -5.90
20120104 18.21 18.24 17.05 17.08 -5.90 6.56 802228 14111084 0.80 1042 -6.32
20120105 17.15 17.15 16.00 16.00 -6.32 6.73 892935 14756346 0.90 1083 +1.25
20120106 16.18 16.50 14.77 16.20 +1.25 10.81 666321 10365180 0.67 711 +2.72
20120109 16.00 16.65 15.65 16.64 +2.72 6.17 1576831 25319189 1.58 1285 +2.22
20120110 16.49 17.20 16.30 17.01 +2.22 5.41 1383817 23280767 1.39 1287 +5.23
20120111 16.99 17.90 16.83 17.90 +5.23 6.29 2569249 45075798 2.58 2240 -1.28
20120112 17.60 17.85 17.50 17.67 -1.28 1.96 1097613 19416682 1.10 960 -5.49
20120113 17.37 17.68 16.60 16.70 -5.49 6.11 757034 13003437 0.76 842 -8.26
20120116 16.50 16.50 15.10 15.32 -8.26 8.38 997685 15777737 1.00 1151 +5.55
20120117 15.32 16.35 15.10 16.17 +5.55 8.16 718470 11376484 0.72 616 -3.34
20120118 16.17 16.29 15.60 15.63 -3.34 4.27 346295 5525053 0.35 475 -0.19
20120119 15.15 16.13 15.15 15.60 -0.19 6.27 249487 3917116 0.25 272 +0.96
20120120 16.00 16.00 15.43 15.75 +0.96 3.65 259141 4047775 0.26 289 +0.38
20120130 15.80 16.15 15.78 15.81 +0.38 2.35 193997 3091416 0.19 283 +0.25
20120131 15.65 15.94 15.65 15.85 +0.25 1.83 136694 2161279 0.14 195 -0.88
20120201 15.99 16.04 15.70 15.71 -0.88 2.15 195008 3082247 0.20 285 +1.15
20120202 15.49 15.89 15.49 15.89 +1.15 2.55 208537 3288576 0.21 229 +2.27
20120203 15.77 16.46 15.77 16.25 +2.27 4.34 617701 9980785 0.62 700 +0.74
20120206 16.20 16.48 16.01 16.37 +0.74 2.89 593924 9676825 0.60 524 -3.60
20120207 16.33 16.33 15.62 15.78 -3.60 4.34 629390 9970464 0.63 883 +3.30
20120208 15.78 16.30 15.70 16.30 +3.30 3.80 391373 6287778 0.39 489 +2.76
20120209 16.22 17.37 16.22 16.75 +2.76 7.06 1032360 17375592 1.04 986 -0.42
20120210 16.61 16.85 16.42 16.68 -0.42 2.57 439230 7290324 0.44 581 +0.12
20120213 16.49 16.92 16.41 16.70 +0.12 3.06 583011 9747675 0.58 614 +2.28
20120214 16.63 17.56 16.63 17.08 +2.28 5.57 724676 12396188 0.73 901 +1.29
20120215 17.05 17.48 17.01 17.30 +1.29 2.75 657333 11356039 0.66 711 -0.29
20120216 17.30 17.37 17.14 17.25 -0.29 1.33 506559 8724332 0.51 548 -1.91
20120217 17.25 17.35 16.81 16.92 -1.91 3.13 617359 10523587 0.62 644 +1.30
20120220 17.13 17.50 17.00 17.14 +1.30 2.96 1095969 18891656 1.10 1047 +5.54
20120221 17.09 18.38 17.01 18.09 +5.54 7.99 1953069 34398702 1.96 1750 +0.88
20120222 17.99 18.38 17.77 18.25 +0.88 3.37 1579572 28512299 1.58 1478 +0.27
20120223 18.30 18.54 18.00 18.30 +0.27 2.96 1113039 20306446 1.12 1046 -0.87
20120224 18.06 18.36 17.90 18.14 -0.87 2.51 1071178 19395299 1.07 1072 +1.43
20120227 18.05 18.89 18.04 18.40 +1.43 4.69 1670784 30904159 1.68 1471 -2.17
20120228 18.31 18.45 17.50 18.00 -2.17 5.16 1643118 29420601 1.65 1477 -0.56
20120229 17.80 17.99 17.67 17.90 -0.56 1.78 781119 13901813 0.78 659 -0.11
20120301 17.72 17.99 17.59 17.88 -0.11 2.23 460681 8203674 0.46 467 +1.45
20120302 17.98 18.30 17.88 18.14 +1.45 2.35 765820 13855781 0.77 648 -2.54
20120305 18.23 18.23 17.68 17.68 -2.54 3.03 833088 14910900 0.84 845 +1.24
20120306 17.60 18.18 17.60 17.90 +1.24 3.28 762458 13615387 0.76 799 +0.17
20120307 17.66 18.34 17.59 17.93 +0.17 4.19 729762 13188493 0.73 861 +1.34
20120308 17.90 18.30 17.90 18.17 +1.34 2.23 569197 10321392 0.57 596 +4.35
20120309 18.27 19.00 18.02 18.96 +4.35 5.39 1601296 29708278 1.61 1401 +2.06
20120312 19.00 19.46 18.79 19.35 +2.06 3.53 1802000 34622021 1.81 1442 +1.65
20120313 19.35 19.80 19.20 19.67 +1.65 3.10 1715186 33373671 1.72 1149 -5.03
20120314 19.85 20.00 18.11 18.68 -5.03 9.61 1581197 30455714 1.59 1525 +4.28
20120315 18.79 19.50 18.65 19.48 +4.28 4.55 2049853 39034709 2.06 1598 -0.41
20120316 19.58 19.60 18.80 19.40 -0.41 4.11 1830685 35364863 1.84 1413 +1.55
20120319 19.39 19.73 18.85 19.70 +1.55 4.54 1903536 36772407 1.91 1387 -1.62
20120320 19.88 20.00 19.30 19.38 -1.62 3.55 1626997 32038558 1.63 1520 -9.34
20120321 19.28 19.28 17.44 17.57 -9.34 9.49 3827623 68507079 3.84 3112 -1.54
20120322 17.39 17.79 17.13 17.30 -1.54 3.76 970650 16915768 0.97 1308 -3.41
20120323 17.29 17.30 16.67 16.71 -3.41 3.64 1152371 19473790 1.16 1071 +1.68
20120326 16.67 16.99 16.00 16.99 +1.68 5.92 773461 13013893 0.78 911 -0.65
20120327 17.01 17.48 16.88 16.88 -0.65 3.53 454002 7771410 0.46 701 -5.81
20120328 16.80 16.80 15.83 15.90 -5.81 5.75 933301 15064430 0.94 1040 +10.00
20120406 17.49 17.49 17.27 17.49 +10.00 1.38 897229 15691842 0.90 430 -3.09
20120409 18.50 18.60 16.51 16.95 -3.09 11.95 3432833 61212475 3.44 3866 -2.48
20120410 16.08 16.63 15.99 16.53 -2.48 3.78 1704402 27689838 1.71 2379 +0.48
20120412 16.37 16.69 16.20 16.61 +0.48 2.96 1338766 22090562 1.34 1772 +2.05
20120413 16.51 17.28 16.40 16.95 +2.05 5.30 1627156 27333811 1.63 1851 -2.48
20120416 16.74 16.77 16.52 16.53 -2.48 1.47 771856 12838898 0.77 926 +0.00
20120417 16.25 16.88 16.25 16.53 +0.00 3.81 611152 10142794 0.61 666 +1.51
20120418 16.55 16.80 16.45 16.78 +1.51 2.12 591105 9865026 0.59 780 -0.48
20120419 16.70 16.77 16.54 16.70 -0.48 1.37 466151 7768596 0.47 598 -2.69
20120420 16.70 16.76 16.11 16.25 -2.69 3.89 1776094 28949829 1.78 1546 -3.82
20120423 16.23 16.23 15.45 15.63 -3.82 4.80 1211656 18994598 1.21 1420 -5.57
20120424 15.63 15.63 14.18 14.76 -5.57 9.28 1259349 18633250 1.26 1496 +0.41
20120425 14.65 15.10 14.40 14.82 +0.41 4.74 783371 11643301 0.79 717 -2.83
20120426 14.99 14.99 14.28 14.40 -2.83 4.79 885928 12894951 0.89 840 -0.76
20120427 14.42 14.58 14.22 14.29 -0.76 2.50 834057 11926503 0.84 752 +1.75
20120502 14.62 14.72 14.38 14.54 +1.75 2.38 1099757 16016232 1.10 892 +2.54
20120503 14.50 14.99 14.32 14.91 +2.54 4.61 1864455 27399582 1.87 1384 -0.07
20120504 14.91 15.04 14.80 14.90 -0.07 1.61 1012318 15136974 1.02 956 +3.76
20120507 14.92 15.50 14.92 15.46 +3.76 3.89 949628 14450986 0.95 1079 +0.06
20120508 15.54 15.65 15.19 15.47 +0.06 2.98 1081593 16736279 1.08 1073 -0.78
20120509 15.46 15.46 15.20 15.35 -0.78 1.68 776982 11881611 0.78 696 +4.89
20120510 15.70 16.80 15.70 16.10 +4.89 7.17 3970666 64183763 3.98 2546 -2.80
20120511 15.76 16.04 15.65 15.65 -2.80 2.42 1059650 16721735 1.06 1208 -2.36
20120514 15.49 15.78 15.28 15.28 -2.36 3.19 578919 8954045 0.58 787 +0.92
20120515 15.13 15.49 14.62 15.42 +0.92 5.69 957891 14291748 0.96 820 -2.72
20120516 15.33 15.40 14.98 15.00 -2.72 2.72 311100 4711872 0.31 483 +1.67
20120517 14.91 15.30 14.90 15.25 +1.67 2.67 497732 7527056 0.50 423 -2.43
20120518 15.01 15.38 14.87 14.88 -2.43 3.34 595594 8972432 0.60 510 -0.54
20120521 14.80 14.99 14.74 14.80 -0.54 1.68 510879 7597193 0.51 362 +0.74
20120522 14.80 15.08 14.75 14.91 +0.74 2.23 683165 10173356 0.68 479 -4.09
20120523 14.80 14.98 13.79 14.30 -4.09 7.98 2457567 35124949 2.46 1888 -2.10
20120524 14.00 14.18 13.81 14.00 -2.10 2.59 773014 10826504 0.78 851 -1.86
20120525 14.01 14.10 13.70 13.74 -1.86 2.86 589792 8177932 0.59 703 +4.59
20120528 14.31 14.88 14.00 14.37 +4.59 6.40 1746430 25179008 1.75 1859 +0.28
20120529 14.11 14.44 13.99 14.41 +0.28 3.13 1619007 23017495 1.62 1772 +0.21
20120530 14.41 14.53 14.20 14.44 +0.21 2.29 777942 11161027 0.78 977 +1.04
20120531 14.41 14.75 14.30 14.59 +1.04 3.12 941231 13648927 0.94 1181 +0.14
20120601 14.59 14.73 14.45 14.61 +0.14 1.92 741938 10831462 0.74 817 -2.26
20120604 14.11 14.66 14.03 14.28 -2.26 4.31 606712 8761297 0.61 808 -1.96
20120605 14.26 14.38 13.98 14.00 -1.96 2.80 449702 6358143 0.45 527 +3.79
20120606 13.95 14.53 13.95 14.53 +3.79 4.14 737526 10543210 0.74 791 -1.93
20120607 14.72 14.79 14.20 14.25 -1.93 4.06 628067 9070617 0.63 732 +4.42
20120608 14.45 15.19 14.24 14.88 +4.42 6.67 2385660 35551432 2.39 2557 +1.81
20120611 14.90 15.38 14.89 15.15 +1.81 3.29 1793823 27122275 1.80 2250 -1.25
20120612 15.05 15.06 14.79 14.96 -1.25 1.78 622090 9277328 0.62 869 +1.20
20120613 15.13 15.40 14.90 15.14 +1.20 3.34 940935 14242608 0.94 1109 -2.71
20120614 14.98 14.98 14.54 14.73 -2.71 2.91 1526452 22403173 1.53 1657 -2.38
20120615 14.70 14.71 14.16 14.38 -2.38 3.73 1302538 18700511 1.31 1505 +1.88
20120618 14.38 14.66 14.19 14.65 +1.88 3.27 994801 14389224 1.00 1334 -0.48
20120619 14.60 14.64 14.43 14.58 -0.48 1.43 622164 9041710 0.62 705 +3.22
20120620 14.59 15.17 14.47 15.05 +3.22 4.80 1432102 21251770 1.44 1496 -2.46
20120621 15.05 15.08 14.57 14.68 -2.46 3.39 646690 9553984 0.65 911 -3.54
20120625 14.79 14.79 14.16 14.16 -3.54 4.29 639307 9224286 0.64 819 -0.71
20120626 14.06 14.25 13.85 14.06 -0.71 2.82 537613 7549118 0.54 625 +2.49
20120627 14.08 14.45 14.08 14.41 +2.49 2.63 635035 9055787 0.64 635 -0.07
20120628 14.45 14.80 14.23 14.40 -0.07 3.96 970220 13989561 0.97 641 +2.78
20120629 14.32 14.95 14.26 14.80 +2.78 4.79 738629 10853995 0.74 714 +0.95
20120702 14.80 15.03 14.61 14.94 +0.95 2.84 1037472 15422023 1.04 780 +1.27
20120703 14.89 15.20 14.68 15.13 +1.27 3.48 1363583 20486555 1.37 1505 -3.90
20120704 14.90 15.15 14.48 14.54 -3.90 4.43 1645971 24201310 1.65 1317 +0.07
20120705 14.41 14.59 14.18 14.55 +0.07 2.82 497601 7132330 0.50 456 -0.48
20120706 14.63 14.74 14.20 14.48 -0.48 3.71 499930 7191835 0.50 527 -1.93
20120709 14.50 14.53 14.15 14.20 -1.93 2.62 391350 5601031 0.39 940 -2.11
20120710 14.21 14.31 13.90 13.90 -2.11 2.89 454924 6380464 0.46 1584 +0.43
20120711 13.91 14.06 13.79 13.96 +0.43 1.94 504168 7042123 0.51 1475 +3.08
20120712 14.05 14.44 13.80 14.39 +3.08 4.58 823007 11676382 0.83 2177 -1.04
20120713 14.30 14.43 14.20 14.24 -1.04 1.60 499580 7144309 0.50 1457 -2.60
20120716 14.21 14.22 13.85 13.87 -2.60 2.60 296377 4152474 0.30 365 -0.72
20120717 13.86 13.99 13.35 13.77 -0.72 4.61 661252 9044049 0.66 571 -1.02
20120718 13.77 13.80 13.36 13.63 -1.02 3.20 560815 7579707 0.56 574 +2.57
20120719 13.60 14.04 13.55 13.98 +2.57 3.60 492950 6852827 0.49 559 -1.22
20120720 13.90 14.00 13.80 13.81 -1.22 1.43 219885 3052451 0.22 231 +1.88
20120723 13.80 14.12 13.80 14.07 +1.88 2.32 270702 3789887 0.27 290 +0.92
20120724 14.05 14.30 13.94 14.20 +0.92 2.56 352100 4992221 0.35 333 +5.70
20120725 14.39 15.62 14.21 15.01 +5.70 9.93 3722583 57244055 3.72 3537 +3.46
20120726 14.98 15.80 14.53 15.53 +3.46 8.46 3486687 53174333 3.49 2705 -1.48
20120727 15.45 15.89 14.88 15.30 -1.48 6.50 2014671 30465032 2.02 2207 -3.07
20120730 15.11 15.18 14.65 14.83 -3.07 3.46 752743 11198334 0.75 834 -0.07
20120731 14.79 15.06 14.46 14.82 -0.07 4.05 527264 7804587 0.53 646 +5.94
20120801 15.16 15.99 15.03 15.70 +5.94 6.48 2403095 37301972 2.40 2376 -4.33
20120802 15.00 15.70 14.82 15.02 -4.33 5.61 2564928 38792588 2.57 2237 +0.53
20120803 15.15 15.15 14.90 15.10 +0.53 1.66 1185700 17840552 1.19 1195 +1.79
20120806 14.98 15.39 14.77 15.37 +1.79 4.11 1757423 26602254 1.76 1703 -1.30
20120807 15.20 15.24 14.96 15.17 -1.30 1.82 2323850 35101661 2.32 2198 +0.59
20120808 15.06 15.69 15.06 15.26 +0.59 4.15 2089286 32158261 2.09 2056 +0.33
20120809 15.30 15.56 15.01 15.31 +0.33 3.60 1412558 21594918 1.41 1270 -0.13
20120810 15.40 15.52 15.11 15.29 -0.13 2.68 866728 13245227 0.87 898 -1.57
20120813 15.21 15.36 14.91 15.05 -1.57 2.94 895186 13507667 0.90 744 +0.40
20120814 14.97 15.13 14.80 15.11 +0.40 2.19 761061 11404966 0.76 701 -3.57
20120815 15.20 15.20 14.40 14.57 -3.57 5.29 1232649 18352774 1.23 907 -3.29
20120816 14.50 14.61 14.09 14.09 -3.29 3.57 838340 12013872 0.84 810 -0.64
20120817 14.08 14.11 13.88 14.00 -0.64 1.63 598277 8354835 0.60 568 +2.14
20120820 13.99 14.47 13.95 14.30 +2.14 3.71 629811 8889433 0.63 557 +3.78
20120821 14.35 15.00 14.15 14.84 +3.78 5.94 1131909 16664406 1.13 935 -1.08
20120822 14.81 14.86 14.62 14.68 -1.08 1.62 465745 6858049 0.47 481 +4.29
20120823 14.55 15.70 14.55 15.31 +4.29 7.83 2705788 41560856 2.71 1955 -1.83
20120824 15.25 15.97 14.70 15.03 -1.83 8.30 2967015 45495774 2.97 2566 +0.86
20120827 14.90 15.47 14.74 15.16 +0.86 4.86 1549820 23433939 1.55 1395 +1.06
20120828 15.27 15.34 14.90 15.32 +1.06 2.90 1217431 18444489 1.22 1181 +1.11
20120829 15.07 15.64 15.00 15.49 +1.11 4.18 2959821 45473604 2.96 2221 -4.00
20120830 15.31 15.83 14.38 14.87 -4.00 9.36 2218525 33378290 2.22 1837 +1.82
20120831 15.00 15.20 14.71 15.14 +1.82 3.30 931569 13930031 0.93 849 +0.73
20120903 15.10 15.36 14.91 15.25 +0.73 2.97 784090 11939510 0.78 749 +1.57
20120904 15.21 15.78 15.21 15.49 +1.57 3.74 2740858 42559433 2.74 2115 +1.68
20120905 15.38 15.83 15.25 15.75 +1.68 3.74 3249220 50763592 3.25 2308 -0.63
20120906 15.75 15.92 15.41 15.65 -0.63 3.24 2132491 33297880 2.13 1465 +1.47
20120907 15.70 16.14 15.58 15.88 +1.47 3.58 3511899 55777810 3.51 2569 +1.51
20120910 15.66 16.25 15.60 16.12 +1.51 4.09 5025096 79827311 5.03 2514 +0.93
20120911 15.92 16.60 15.82 16.27 +0.93 4.84 5980647 96851856 5.98 2742 -0.37
20120912 16.27 16.44 15.95 16.21 -0.37 3.01 1891379 30484402 1.89 1408 -1.73
20120913 16.04 16.37 15.92 15.93 -1.73 2.78 1580589 25495109 1.58 1387 +1.32
20120914 15.98 16.30 15.91 16.14 +1.32 2.45 1425506 22934030 1.43 1005 -4.40
20120917 16.09 16.12 15.28 15.43 -4.40 5.20 1732744 27070097 1.73 1040 -0.97
20120918 15.43 15.53 15.01 15.28 -0.97 3.37 1065131 16328604 1.07 673 +3.08
20120919 15.20 15.77 15.20 15.75 +3.08 3.73 1993840 31021785 1.99 1018 -2.86
20120920 15.60 15.70 15.21 15.30 -2.86 3.11 1051941 16201112 1.05 754 -2.94
20120921 15.30 15.32 14.70 14.85 -2.94 4.05 1539028 23158567 1.54 937 +3.23
20120924 14.83 15.50 14.83 15.33 +3.23 4.51 2301100 35144904 2.30 985 +0.00
20120925 15.27 15.65 15.27 15.33 +0.00 2.48 1250981 19359307 1.25 689 -0.20
20120926 15.25 15.56 15.09 15.30 -0.20 3.07 1117052 17128336 1.12 923 +4.25
20120927 15.30 16.48 15.30 15.95 +4.25 7.71 3765596 60181849 3.77 1897 +0.00
20120928 15.77 16.50 15.71 15.95 +0.00 4.95 4626058 74501244 4.63 2141 +2.82
20121008 15.85 16.46 15.60 16.40 +2.82 5.39 3767501 60874073 3.77 2471 +4.45
20121009 16.30 17.43 16.23 17.13 +4.45 7.32 5441896 91449692 5.44 2740 +1.81
20121010 17.10 17.96 17.10 17.44 +1.81 5.02 5124948 90353183 5.13 2714 -1.32
20121011 17.40 17.70 17.01 17.21 -1.32 3.96 4709467 82005939 4.71 2206 +0.06
20121012 17.38 17.90 17.19 17.22 +0.06 4.13 1868220 32625916 1.87 1127 -0.81
20121015 17.21 17.49 16.79 17.08 -0.81 4.07 1390607 23731883 1.39 989 +4.10
20121016 17.08 17.98 17.08 17.78 +4.10 5.27 2797149 49420381 2.80 1700 -0.90
20121017 17.95 17.96 17.55 17.62 -0.90 2.31 3032104 53698128 3.03 1967 +3.69
20121018 17.55 18.31 17.51 18.27 +3.69 4.54 3273951 58685793 3.27 1894 -2.30
20121019 18.11 18.45 17.77 17.85 -2.30 3.72 2281924 40958684 2.28 1676 -2.91
20121022 17.77 17.95 17.27 17.33 -2.91 3.81 4108268 72191815 4.11 1515 -1.85
20121023 17.35 17.62 16.80 17.01 -1.85 4.73 3214196 55139224 3.21 1681 +0.53
20121024 17.01 17.46 16.93 17.10 +0.53 3.12 1723023 29775695 1.72 1229 -0.64
20121025 17.15 17.43 16.85 16.99 -0.64 3.39 2030752 34745763 2.03 1140 -1.12
20121026 17.00 17.22 16.66 16.80 -1.12 3.30 1401139 23639694 1.40 711 +2.56
20121029 17.20 17.30 16.82 17.23 +2.56 2.86 979944 16744777 0.98 532 -1.33
20121030 17.24 17.29 17.00 17.00 -1.33 1.68 554221 9521017 0.55 426 +0.18
20121031 16.88 17.10 16.83 17.03 +0.18 1.59 379250 6418324 0.38 337 +2.70
20121101 17.05 17.53 17.05 17.49 +2.70 2.82 1394857 24243799 1.40 1097 -0.51
20121102 17.50 17.64 17.33 17.40 -0.51 1.77 769077 13405750 0.77 649 -4.02
20121105 17.40 17.50 16.46 16.70 -4.02 5.98 1390636 23540817 1.39 927 -2.99
20121106 16.70 16.78 16.06 16.20 -2.99 4.31 1677437 27258640 1.68 1030 +0.37
20121107 16.11 16.43 16.11 16.26 +0.37 1.98 700627 11434563 0.70 510 -0.92
20121108 16.11 16.40 16.08 16.11 -0.92 1.97 660919 10732882 0.66 418 +1.18
20121109 16.08 16.48 15.85 16.30 +1.18 3.91 645631 10472614 0.65 572 +0.31
20121112 16.48 16.48 16.00 16.35 +0.31 2.94 666967 10796681 0.67 538 -0.55
20121113 16.21 16.33 15.82 16.26 -0.55 3.12 857950 13739859 0.86 1233 -2.77
20121114 16.26 16.37 15.68 15.81 -2.77 4.24 1008828 15984562 1.01 826 -6.20
20121115 15.62 15.85 14.23 14.83 -6.20 10.25 1392852 21017663 1.39 773 -4.18
20121116 14.56 14.77 14.20 14.21 -4.18 3.84 1190570 17132592 1.19 692 -1.06
20121119 14.18 14.41 13.85 14.06 -1.06 3.94 1149746 16142835 1.15 990 +0.85
20121120 14.02 14.33 13.88 14.18 +0.85 3.20 639633 8955195 0.64 583 -0.35
20121121 14.17 14.23 13.62 14.13 -0.35 4.30 1329857 18438118 1.33 1014 -1.20
20121122 14.15 14.25 13.84 13.96 -1.20 2.90 557027 7817783 0.56 486 +1.72
20121123 14.00 14.20 13.89 14.20 +1.72 2.22 566811 7984251 0.57 511 -2.18
20121126 14.20 14.20 13.83 13.89 -2.18 2.61 927936 12974439 0.93 355 -8.71
20121127 13.76 13.88 12.64 12.68 -8.71 8.93 3167960 41295619 3.17 1733 +0.16
20121128 12.70 12.94 12.49 12.70 +0.16 3.55 865329 10930408 0.87 686 -6.85
20121129 12.80 12.90 11.70 11.83 -6.85 9.45 2054382 24801762 2.05 1440 +3.13
20121130 12.01 12.20 11.85 12.20 +3.13 2.96 1177410 14229708 1.18 928 -0.49
20121203 12.20 12.28 12.04 12.14 -0.49 1.97 493886 6005335 0.49 530 +2.14
20121204 12.14 12.48 11.77 12.40 +2.14 5.85 386043 4678543 0.39 519 +4.44
20121205 12.39 13.28 12.37 12.95 +4.44 7.34 691528 8879530 0.69 718 -0.46
20121206 12.95 13.06 12.83 12.89 -0.46 1.78 300709 3889659 0.30 333 +0.47
20121207 12.67 13.10 12.67 12.95 +0.47 3.34 644717 8324136 0.64 563 +1.08
20121210 13.00 13.13 12.83 13.09 +1.08 2.32 1022239 13298555 1.02 847 -3.59
20121211 13.03 13.03 12.60 12.62 -3.59 3.28 1629853 20758248 1.63 1245 -1.03
20121212 12.65 12.68 12.45 12.49 -1.03 1.82 1129911 14140267 1.13 599 -1.04
20121213 12.46 12.49 12.31 12.36 -1.04 1.44 280787 3479876 0.28 437 +3.80
20121214 12.36 13.08 12.36 12.83 +3.80 5.83 1695769 21719023 1.70 1191 +4.29
20121217 12.99 13.38 12.84 13.38 +4.29 4.21 2331290 30616852 2.33 1230 -1.20
20121218 13.42 13.50 13.16 13.22 -1.20 2.54 1632944 21720199 1.63 941 +1.36
20121219 13.11 13.58 13.11 13.40 +1.36 3.56 1057247 14160079 1.06 701 +1.04
20121220 13.34 13.63 13.24 13.54 +1.04 2.91 652797 8800040 0.65 552 -1.70
20121221 13.59 13.59 13.00 13.31 -1.70 4.36 1396896 18548236 1.40 1024 +6.69
20121224 13.28 14.29 13.20 14.20 +6.69 8.19 4237049 58645221 4.24 2118 +0.56
20121225 14.40 14.42 13.83 14.28 +0.56 4.15 3934969 55562074 3.94 3350 +1.89
20121226 14.20 14.86 14.20 14.55 +1.89 4.62 2721965 39505898 2.72 1961 -2.54
20121227 14.40 14.73 14.12 14.18 -2.54 4.19 2548895 36666508 2.55 1855 +0.28
20121228 14.20 14.46 13.84 14.22 +0.28 4.37 3036601 42813713 3.04 2481 +3.73
20121231 14.18 14.79 14.18 14.75 +3.73 4.29 2796486 40426374 2.83 2065 -3.73
20130104 14.75 14.84 14.12 14.20 -3.73 4.88 1995676 28522798 2.02 1223 -0.70
20130107 14.10 14.31 13.90 14.10 -0.70 2.89 1303889 18363471 1.32 1127 +1.91
20130108 14.13 14.58 14.00 14.37 +1.91 4.11 3034147 43488296 3.07 2240 -0.14
20130109 14.17 14.74 14.02 14.35 -0.14 5.01 2108783 30320744 2.13 2207 +3.00
20130110 14.30 14.84 14.25 14.78 +3.00 4.11 5959882 86493075 6.03 3512 +0.88
20130111 15.00 15.39 14.67 14.91 +0.88 4.87 7239086 107951594 7.33 4320 +4.36
20130114 14.84 15.73 14.81 15.56 +4.36 6.17 4646489 71099193 4.70 3159 +7.33
20130115 15.54 16.85 15.45 16.70 +7.33 9.00 6984970 112806937 7.07 3352 +1.50
20130116 16.54 16.96 16.20 16.95 +1.50 4.55 5437169 89909863 5.50 2962 -3.13
20130117 16.92 16.92 16.17 16.42 -3.13 4.42 2744302 45084258 2.78 1940 +0.00
20130118 16.35 16.50 15.88 16.42 +0.00 3.78 3016609 48910813 3.05 1581 -1.22
20130121 16.17 16.32 16.00 16.22 -1.22 1.95 1416105 22926647 1.43 977 -1.48
20130122 16.30 16.30 15.66 15.98 -1.48 3.95 2137977 34074605 2.16 1609 -1.13
20130123 15.98 15.98 15.46 15.80 -1.13 3.25 1947123 30532694 1.97 1106 -2.09
20130124 15.65 15.93 14.50 15.47 -2.09 9.05 2129549 32691539 2.16 1306 +1.16
20130125 15.32 15.72 15.31 15.65 +1.16 2.65 2070585 32312923 2.10 1343 +1.53
20130128 15.67 16.03 15.50 15.89 +1.53 3.39 3033911 48190377 3.07 942 -1.83
20130129 15.99 16.00 15.47 15.60 -1.83 3.34 2307851 36123528 2.34 1593 +1.22
20130130 15.60 15.83 15.50 15.79 +1.22 2.12 1961073 30845116 1.98 1030 -2.03
20130131 15.76 15.96 15.22 15.47 -2.03 4.69 2014404 31097693 2.04 1319 +4.72
20130201 15.47 16.26 15.11 16.20 +4.72 7.43 4524224 72130651 4.58 1968 +3.09
20130204 16.25 16.76 16.20 16.70 +3.09 3.46 4141154 68811760 4.19 1805 +0.42
20130205 16.66 17.28 16.20 16.77 +0.42 6.47 3599072 60097817 3.64 1661 +1.85
20130206 16.70 17.14 16.55 17.08 +1.85 3.52 4409759 74650884 4.46 1702 +0.88
20130207 17.01 17.45 16.80 17.23 +0.88 3.81 5057684 87146229 5.12 2122 -1.57
20130208 17.03 17.25 16.50 16.96 -1.57 4.35 3841513 64607765 3.89 2231 -1.30
20130218 16.93 16.93 16.40 16.74 -1.30 3.13 2054650 34165714 2.08 1432 -2.09
20130219 16.69 16.69 16.01 16.39 -2.09 4.06 2543348 41581557 2.57 2408 +3.23
20130220 16.22 17.18 16.22 16.92 +3.23 5.86 6410744 107866046 6.49 2861 -0.12
20130221 16.90 17.17 16.62 16.90 -0.12 3.25 5578817 94633563 5.65 3775 -0.59
20130222 16.86 17.00 16.45 16.80 -0.59 3.25 3336864 55699019 3.38 1825 +2.08
20130225 16.65 17.18 16.57 17.15 +2.08 3.63 2350292 39751261 2.38 1365 -0.23
20130226 17.08 17.33 16.65 17.11 -0.23 3.97 2876402 49186491 2.91 1605 -0.64
20130227 17.11 17.15 16.65 17.00 -0.64 2.92 2150708 36210966 2.18 1498 -0.06
20130228 16.51 17.10 16.46 16.99 -0.06 3.76 3942559 66596128 3.99 1997 +1.35
20130301 16.99 17.24 16.06 17.22 +1.35 6.95 10563561 176338540 10.69 4766 -3.43
20130304 16.70 16.84 16.54 16.63 -3.43 1.74 6595086 110176125 6.67 4855 -0.12
20130305 16.90 16.90 16.36 16.61 -0.12 3.25 4079372 67933917 4.13 3256 +0.54
20130306 16.77 16.85 16.42 16.70 +0.54 2.59 3366775 56155592 3.41 3241 -4.31
20130307 16.68 16.70 15.93 15.98 -4.31 4.61 3438615 56177639 3.48 3812 -0.38
20130308 15.98 16.26 15.82 15.92 -0.38 2.75 1538243 24617057 1.56 1491 +1.44
20130311 15.82 16.42 15.80 16.15 +1.44 3.89 1871519 30448529 1.89 1318 -1.67
20130312 16.19 16.26 15.55 15.88 -1.67 4.40 1189544 18842167 1.20 1590 +1.95
20130313 15.80 16.38 15.42 16.19 +1.95 6.05 1824026 29082109 1.85 2418 +0.62
20130314 16.17 16.48 16.02 16.29 +0.62 2.84 2555222 41703437 2.59 2926 -2.70
20130315 16.45 16.47 15.78 15.85 -2.70 4.24 3983762 64635163 4.03 3690 -3.47
20130318 16.00 16.00 15.30 15.30 -3.47 4.42 1539473 23888201 1.56 1385 -0.98
20130319 15.23 15.44 14.51 15.15 -0.98 6.08 1580223 23782179 1.60 1508 +1.72
20130320 15.15 15.43 15.04 15.41 +1.72 2.57 1507538 22958118 1.53 1153 +4.28
20130321 15.48 16.12 15.45 16.07 +4.28 4.35 2780571 43991592 2.81 2059 -1.37
20130322 16.05 16.11 15.75 15.85 -1.37 2.24 1656370 26233871 1.68 1100 -2.65
20130325 15.80 16.00 15.26 15.43 -2.65 4.67 1031156 15993473 1.04 1169 +0.71
20130326 15.28 15.66 15.28 15.54 +0.71 2.46 1150793 17890001 1.16 861 +6.18
20130327 15.31 16.59 15.31 16.50 +6.18 8.24 3737182 60491951 3.78 2602 -2.30
20130328 16.36 16.65 16.04 16.12 -2.30 3.70 2165170 35350691 2.19 2180 -6.02
20130329 16.03 16.40 14.66 15.15 -6.02 10.79 5155610 78283948 5.22 3009 +0.00
20130401 15.05 15.19 14.58 15.15 +0.00 4.03 1904703 28317829 1.93 1419 -5.81
20130402 15.24 15.30 13.85 14.27 -5.81 9.57 3499101 51005056 3.54 3330 -6.31
20130403 14.11 14.24 13.06 13.37 -6.31 8.27 4295210 57893786 4.35 2706 +0.15
20130408 13.24 13.77 13.00 13.39 +0.15 5.76 3103762 41674376 3.14 1841 +2.69
20130409 13.32 13.75 13.32 13.75 +2.69 3.21 1877685 25543109 1.90 1521 -1.02
20130410 13.72 13.81 13.39 13.61 -1.02 3.05 1165450 15823382 1.18 1185 +1.98
20130411 13.68 13.92 13.63 13.88 +1.98 2.13 1669634 23030652 1.69 1253 +1.44
20130412 14.06 14.28 13.90 14.08 +1.44 2.74 2502934 35261927 2.53 1650 -2.49
20130415 13.95 14.09 13.31 13.73 -2.49 5.54 1690435 23257034 1.71 1778 +1.75
20130416 13.56 14.00 13.45 13.97 +1.75 4.01 1571532 21717394 1.59 869 +1.86
20130417 13.91 14.23 13.91 14.23 +1.86 2.29 1399168 19721328 1.42 1068 -1.34
20130418 14.15 14.25 13.91 14.04 -1.34 2.39 1092960 15328643 1.11 1337 +1.28
20130419 14.09 14.33 13.91 14.22 +1.28 2.99 1208385 17194719 1.22 957 -0.21
20130422 14.06 14.27 14.03 14.19 -0.21 1.69 1261262 17778639 1.28 1114 -3.81
20130423 14.24 14.28 13.31 13.65 -3.81 6.84 2183454 29724268 2.21 3049 -0.22
20130424 13.55 13.71 13.23 13.62 -0.22 3.52 2061475 27836135 2.09 1339 +0.95
20130425 13.50 13.89 13.26 13.75 +0.95 4.63 3020387 41311529 3.06 2414 -5.89
20130426 13.75 13.78 12.66 12.94 -5.89 8.15 4145286 53997647 4.20 3719 +1.70
20130502 12.81 13.30 12.67 13.16 +1.70 4.87 1861714 24296404 1.88 1257 +1.75
20130503 13.16 13.45 13.11 13.39 +1.75 2.58 1823687 24335200 1.85 1085 +7.02
20130506 13.38 14.51 13.35 14.33 +7.02 8.66 4469195 63099420 4.52 3077 +0.49
20130507 14.31 14.78 14.18 14.40 +0.49 4.19 2982527 43309416 3.02 4132 +2.08
20130508 14.50 14.71 14.28 14.70 +2.08 2.99 1998479 28959834 2.02 2915 +3.33
20130509 14.60 15.29 14.49 15.19 +3.33 5.44 3735436 55817928 3.78 2654 -1.25
20130510 15.20 15.20 14.81 15.00 -1.25 2.57 1327958 19893116 1.34 5564 +3.60
20130513 14.99 15.57 14.92 15.54 +3.60 4.33 2431736 37435976 2.46 2002 +0.06
20130514 15.41 15.64 15.20 15.55 +0.06 2.83 1702167 26290050 1.72 1322 +1.03
20130515 15.42 15.80 15.30 15.71 +1.03 3.22 2002938 31261786 2.03 1103 -1.97
20130516 15.71 15.93 14.91 15.40 -1.97 6.49 3756911 57368975 3.80 2351 -0.58
20130517 15.40 15.44 15.12 15.31 -0.58 2.08 1956954 29930979 1.98 1135 +2.29
20130520 15.58 16.20 15.50 15.66 +2.29 4.57 2983851 47157777 3.02 2186 +3.77
20130521 15.66 16.55 15.66 16.25 +3.77 5.68 3460136 55858242 3.50 2660 -2.34
20130522 16.20 16.38 15.76 15.87 -2.34 3.82 2154728 34644930 2.18 2015 +0.38
20130523 15.86 16.43 15.73 15.93 +0.38 4.41 1494775 24064437 1.51 1523 +2.07
20130524 15.97 16.45 15.85 16.26 +2.07 3.77 2211469 35779754 2.24 2584 +2.46
20130527 16.27 16.90 16.27 16.66 +2.46 3.87 2599704 43291937 2.63 2287 -5.22
20130528 16.70 16.75 15.61 15.79 -5.22 6.84 3782910 60275977 3.83 3630 +2.34
20130529 15.75 16.28 15.59 16.16 +2.34 4.37 2927408 46704797 2.96 2219 +1.49
20130530 16.01 16.57 15.85 16.40 +1.49 4.46 3458651 56324444 3.50 2796 +2.62
20130531 16.37 17.43 16.33 16.83 +2.62 6.71 5821295 98671041 5.89 4881 -0.95
20130603 16.95 17.08 16.48 16.67 -0.95 3.57 3258839 54567503 3.30 3722 -5.16
20130604 16.70 16.72 15.40 15.81 -5.16 7.92 3314987 52764798 3.36 3792 -0.38
20130605 15.77 15.90 15.33 15.75 -0.38 3.61 1496441 23433235 1.51 1558 +0.13
20130606 15.60 15.95 15.57 15.77 +0.13 2.41 1482753 23440306 1.50 1481 -0.57
20130607 15.79 15.95 15.16 15.68 -0.57 5.01 2045101 31914023 2.07 1768 +7.65
20130613 15.50 17.24 14.93 16.88 +7.65 14.73 6168921 100902400 6.24 4716 +3.02
20130614 16.70 17.43 16.64 17.39 +3.02 4.68 7870721 134509490 7.97 5569 +3.97
20130617 17.45 18.88 17.40 18.08 +3.97 8.51 12604100 229667870 12.76 8153 +0.94
20130618 18.06 18.65 17.65 18.25 +0.94 5.53 8811830 159607300 8.92 6591 -2.85
20130619 18.10 18.25 17.50 17.73 -2.85 4.11 5233708 93591098 5.30 5088 -4.46
20130620 17.35 17.57 16.71 16.94 -4.46 4.85 4501138 77239796 4.56 3504 -0.41
20130621 16.56 17.20 16.08 16.87 -0.41 6.61 4088421 68011819 4.14 3313 -4.56
20130624 17.00 17.58 15.81 16.10 -4.56 10.49 7858687 133278518 6.44 6105 +1.74
20130625 16.30 16.62 14.49 16.38 +1.74 13.23 7265372 114684677 5.95 6367 +10.01
20130626 16.22 18.02 16.22 18.02 +10.01 10.99 7297668 128542443 5.98 4269 +5.49
20130627 18.52 19.49 18.35 19.01 +5.49 6.33 15787000 298827500 12.93 11661 +3.52
20130628 18.81 19.73 18.46 19.68 +3.52 6.68 11264416 214393550 9.23 8739 +1.63
20130701 19.10 20.21 19.01 20.00 +1.63 6.10 7547550 147857360 6.08 7914 -2.25
20130702 19.60 20.20 19.50 19.55 -2.25 3.50 5436611 107552778 4.38 6007 +5.27
20130703 19.28 20.95 19.25 20.58 +5.27 8.70 7523321 153044990 6.06 6728 -3.84
20130704 20.20 20.50 19.68 19.79 -3.84 3.98 4941225 98973571 3.98 5516 -4.09
20130705 19.68 19.96 18.91 18.98 -4.09 5.31 4834509 93790689 3.89 5315 +0.84
20130708 18.00 20.09 17.92 19.14 +0.84 11.43 4776942 91972870 3.85 5920 +1.15
20130709 19.00 19.50 18.71 19.36 +1.15 4.13 2580265 49592234 2.08 3390 +0.05
20130710 19.39 19.85 19.08 19.37 +0.05 3.98 3095537 59933341 2.49 3265 +2.22
20130711 19.47 19.90 18.62 19.80 +2.22 6.61 5019943 96587348 4.04 4434 -2.68
20130712 19.60 20.59 19.27 19.27 -2.68 6.67 5495480 110121662 4.42 5592 +10.02
20130715 19.50 21.20 19.42 21.20 +10.02 9.24 7476785 154387900 6.02 5339 +7.92
20130716 21.97 22.88 21.60 22.88 +7.92 6.04 7598507 168908180 6.12 7128 -1.66
20130717 22.51 22.99 22.00 22.50 -1.66 4.33 3584786 80489497 2.89 4569 +3.20
20130718 22.30 24.00 22.30 23.22 +3.20 7.56 5357714 125712470 4.31 5867 -0.78
20130719 23.00 23.90 22.71 23.04 -0.78 5.12 4154060 97421081 3.34 5305 +2.86
20130722 22.80 23.99 22.41 23.70 +2.86 6.86 4460647 103757509 3.59 4684 +0.30
20130723 24.31 24.95 23.40 23.77 +0.30 6.54 5781295 138181470 4.65 5071 +2.44
20130724 24.00 24.50 23.70 24.35 +2.44 3.37 4617871 111641938 3.72 4722 -6.37
20130725 24.35 24.49 22.60 22.80 -6.37 7.76 4629912 107353435 3.73 4793 -1.40
20130726 22.89 22.89 21.71 22.48 -1.40 5.18 3777544 83966716 3.04 2978 +2.89
20130729 22.76 24.16 22.31 23.13 +2.89 8.23 4177221 97440792 3.36 4061 -6.57
20130730 23.01 23.28 21.56 21.61 -6.57 7.44 4726385 103714427 3.81 5641 +0.19
20130731 21.75 22.25 21.57 21.65 +0.19 3.15 2361413 51829346 1.90 2569 +7.99
20130801 21.65 23.50 21.32 23.38 +7.99 10.07 3715375 84860024 2.99 5592 +4.02
20130802 23.25 24.78 23.18 24.32 +4.02 6.84 4839456 117551778 3.90 4664 +0.78
20130805 24.22 24.79 24.03 24.51 +0.78 3.13 2362156 57778365 1.90 2639 +0.78
20130806 24.39 25.38 24.31 24.70 +0.78 4.37 3880199 96574369 3.12 3537 -4.57
20130807 24.66 24.88 23.20 23.57 -4.57 6.80 3609329 85773050 2.91 4492 -2.12
20130808 23.20 23.95 22.86 23.07 -2.12 4.62 2224882 52264549 1.79 3263 +3.16
20130809 23.35 24.23 22.60 23.80 +3.16 7.07 4257915 100141182 3.43 5470 -4.83
20130812 23.98 23.98 22.45 22.65 -4.83 6.43 5637710 128353010 4.54 5158 -0.84
20130813 22.71 22.89 22.28 22.46 -0.84 2.69 3235963 72624486 2.61 2688 +8.59
20130814 22.46 24.68 22.41 24.39 +8.59 10.11 6612855 156238820 5.32 7238 +0.04
20130815 24.20 25.40 24.01 24.40 +0.04 5.70 4899182 121528864 3.94 4745 +4.10
20130816 24.10 26.52 23.51 25.40 +4.10 12.34 6814664 172090200 5.49 6823 +6.10
20130819 25.70 27.23 25.20 26.95 +6.10 7.99 7446196 197016760 5.99 6970 -1.86
20130820 26.51 26.89 26.20 26.45 -1.86 2.56 6611832 175077970 5.32 5090 -3.78
20130821 26.15 26.15 25.18 25.45 -3.78 3.67 4713372 120107188 3.79 4569 +0.71
20130822 25.46 25.78 25.24 25.63 +0.71 2.12 3016380 77032811 2.43 2986 +3.08
20130823 26.29 26.74 25.70 26.42 +3.08 4.06 6290710 165605150 5.06 5422 +0.38
20130826 26.42 28.19 26.42 26.52 +0.38 6.70 5056960 137519470 4.07 5322 +1.85
20130827 26.10 27.27 25.61 27.01 +1.85 6.26 6206826 162991480 5.00 6125 +0.70
20130828 26.45 27.50 26.31 27.20 +0.70 4.41 5468632 147810590 4.40 5631 -3.05
20130829 27.13 27.13 26.20 26.37 -3.05 3.42 3245712 86040104 2.61 3499 -4.17
20130830 26.31 26.31 24.53 25.27 -4.17 6.75 5058966 127658371 4.07 4813 +0.51
20130902 25.01 26.09 24.90 25.40 +0.51 4.71 2074710 53122656 1.67 2110 +1.57
20130903 25.30 25.96 25.22 25.80 +1.57 2.91 1978726 50940312 1.59 1769 -0.97
20130904 25.70 26.14 25.50 25.55 -0.97 2.48 1996989 51497335 1.61 1855 +4.31
20130905 25.41 26.68 24.85 26.65 +4.31 7.16 3282843 84606256 2.64 3829 +0.56
20130906 26.40 27.17 25.92 26.80 +0.56 4.69 2920287 77705482 2.35 3461 -4.85
20130909 26.30 26.60 25.00 25.50 -4.85 5.97 5214987 133707813 4.20 5757 -4.27
20130910 25.49 25.49 24.14 24.41 -4.27 5.29 4463259 109874350 3.59 5088 -2.95
20130911 24.42 24.52 22.77 23.69 -2.95 7.17 4418304 103791568 3.56 4234 -2.07
20130912 23.50 24.10 22.94 23.20 -2.07 4.90 3071918 71777814 2.47 3420 +4.27
20130913 23.20 24.45 22.77 24.19 +4.27 7.24 3589096 85374054 2.89 3699 +0.08
20130916 24.08 24.68 23.75 24.21 +0.08 3.84 3271458 79057201 2.63 2875 +0.58
20130917 24.20 24.60 23.85 24.35 +0.58 3.10 2695417 65422599 2.17 2367 -1.77
20130918 24.25 24.58 23.82 23.92 -1.77 3.12 1688181 40535442 1.36 1649 +9.99
20130923 24.60 26.31 24.60 26.31 +9.99 7.15 7320772 187492230 5.89 5599 +6.80
20130924 26.79 28.19 26.35 28.10 +6.80 6.99 7686634 211798540 6.19 7199 -1.89
20130925 28.00 28.00 27.29 27.57 -1.89 2.53 3871871 106812128 3.12 3659 -4.06
20130926 27.40 27.40 26.20 26.45 -4.06 4.35 3530222 94532904 2.84 3248 +0.38
20130927 26.44 26.99 26.20 26.55 +0.38 2.99 1849206 49292064 1.49 1819 +3.16
20130930 26.61 28.20 26.61 27.39 +3.16 5.99 3663776 101136489 2.95 3061 +4.78
20131008 27.55 29.82 27.29 28.70 +4.78 9.24 4654242 133902771 3.75 3996 +1.32
20131009 28.61 29.40 28.30 29.08 +1.32 3.83 2571270 74462339 2.07 2569 -4.68
20131010 29.05 29.06 27.51 27.72 -4.68 5.33 3067763 86126858 2.47 3131 -1.70
20131011 27.80 28.49 27.05 27.25 -1.70 5.19 2438633 67320153 1.96 2775 +6.42
20131014 27.36 29.00 26.80 29.00 +6.42 8.07 3926910 110746439 3.16 3436 -2.28
20131015 28.93 29.44 28.21 28.34 -2.28 4.24 2280049 65637433 1.84 2509 -6.49
20131016 28.11 28.20 26.40 26.50 -6.49 6.35 3542889 95200127 2.85 3171 +0.19
20131017 26.57 27.47 26.22 26.55 +0.19 4.72 2148237 57670236 1.73 1924 +6.33
20131018 26.47 28.35 26.47 28.23 +6.33 7.08 3145694 87032974 2.53 2808 +5.21
20131021 28.43 30.65 28.43 29.70 +5.21 7.86 5652109 169128280 4.55 4259 +1.01
20131022 29.55 30.35 29.27 30.00 +1.01 3.64 3751438 112012401 3.02 3133 -4.43
20131023 29.65 29.67 27.00 28.67 -4.43 8.90 4361824 121857771 3.51 3449 -0.94
20131024 28.38 28.68 27.80 28.40 -0.94 3.07 1224010 34644709 0.99 1542 -6.73
20131025 28.38 28.98 25.90 26.49 -6.73 10.85 3059440 82298208 2.46 3017 -7.70
20131028 26.50 26.90 24.30 24.45 -7.70 9.82 4882715 122648681 3.93 3608 +1.02
20131029 24.40 24.76 22.85 24.70 +1.02 7.81 4127572 98795039 3.32 3019 +2.23
20131030 24.30 25.44 24.01 25.25 +2.23 5.79 3815729 95200383 3.07 3029 -0.40
20131031 25.32 25.64 24.62 25.15 -0.40 4.04 2241047 56180631 1.80 2532 -1.59
20131101 24.80 24.97 24.20 24.75 -1.59 3.06 1549030 38020174 1.25 1441 +0.00
20131104 24.60 25.16 24.35 24.75 +0.00 3.27 1556041 38730049 1.25 1865 +2.10
20131105 24.50 25.40 23.80 25.27 +2.10 6.46 1432522 35359636 1.15 1617 -0.67
20131106 25.19 26.20 25.00 25.10 -0.67 4.75 1964195 50511762 1.58 2114 -3.94
20131107 25.00 25.19 24.11 24.11 -3.94 4.30 1369574 33755727 1.10 1526 -1.70
20131108 23.99 24.30 23.50 23.70 -1.70 3.32 1364717 32435954 1.10 1342 +1.60
20131111 23.86 24.33 23.31 24.08 +1.60 4.30 1051298 25105211 0.85 2284 +0.50
20131112 23.71 24.45 23.61 24.20 +0.50 3.49 714780 17183837 0.58 1356 +4.96
20131113 26.00 26.38 25.25 25.40 +4.96 4.67 4526742 116611462 3.64 4315 +10.00
20131114 25.45 27.94 25.18 27.94 +10.00 10.87 5728600 153684460 4.61 7104 +5.58
20131115 28.45 30.58 28.00 29.50 +5.58 9.23 10093516 294874390 8.13 10997 +0.03
20131118 29.80 30.79 28.92 29.51 +0.03 6.34 9144560 273135740 7.36 9017 -2.51
20131119 29.14 29.35 28.65 28.77 -2.51 2.37 6232263 180474360 5.02 5630 +0.76
20131120 28.80 29.84 28.66 28.99 +0.76 4.10 5794391 169216850 4.66 6220 -4.97
20131121 28.50 28.50 27.26 27.55 -4.97 4.28 4978044 137867220 4.01 5631 +0.07
20131122 27.70 28.08 27.35 27.57 +0.07 2.65 2534890 70272874 2.04 3130 -1.67
20131125 27.61 28.10 27.02 27.11 -1.67 3.92 2728302 75262982 2.20 3187 +2.36
20131126 27.17 28.34 27.15 27.75 +2.36 4.39 4056558 112781065 3.27 3996 +4.61
20131127 27.77 29.10 27.70 29.03 +4.61 5.05 4873453 139564250 3.92 4735 -1.48
20131128 29.07 29.59 28.54 28.60 -1.48 3.62 3565568 103576764 2.87 3531 +4.90
20131129 28.60 30.30 28.50 30.00 +4.90 6.29 3834712 113854737 3.09 4516 -10.00
20131202 28.67 28.70 27.00 27.00 -10.00 5.67 5033297 138617540 4.05 6104 +1.48
20131203 26.10 27.90 25.23 27.40 +1.48 9.89 3833159 101401376 3.09 3593 -1.64
20131204 27.22 27.95 26.71 26.95 -1.64 4.53 3401298 92627160 2.74 3695 -0.26
20131205 26.88 27.50 26.70 26.88 -0.26 2.97 1792432 48575741 1.44 2076 +1.08
20131206 26.70 27.23 26.70 27.17 +1.08 1.97 1627810 44088173 1.31 2909 +3.09
20131209 27.39 28.09 27.39 28.01 +3.09 2.58 2625787 72975927 2.11 2981 +1.75
20131210 28.02 28.50 27.50 28.50 +1.75 3.57 2859038 80480605 2.30 2767 +3.82
20131211 28.31 29.90 28.31 29.59 +3.82 5.58 4845745 142067840 3.90 5493 +1.01
20131212 29.30 30.10 28.80 29.89 +1.01 4.39 3549143 105133918 2.86 3431 -0.30
20131213 29.55 30.15 29.30 29.80 -0.30 2.84 2273413 67785989 1.83 5111 +0.84
20131216 29.70 30.14 28.69 30.05 +0.84 4.87 3294766 96995565 2.65 7014 +3.33
20131217 29.78 31.58 29.01 31.05 +3.33 8.55 4153902 127502937 3.34 6341 -0.84
20131218 30.77 31.20 30.03 30.79 -0.84 3.77 2294990 70335264 1.85 6017 -0.75
20131219 30.88 31.20 30.05 30.56 -0.75 3.73 2150915 66167223 1.73 5954 -0.39
20131220 30.50 30.78 29.30 30.44 -0.39 4.84 2758401 83347550 2.22 7017 -2.40
20131223 30.60 30.69 28.78 29.71 -2.40 6.27 2489359 73480738 2.00 5459 +2.13
20140815 20.10 20.70 20.01 20.58 +2.13 3.42 6302187 128392920 2.42 8530 +3.30
20140818 20.59 21.31 20.59 21.26 +3.30 3.50 5623209 118358005 2.16 8588 +0.61
20140819 21.26 21.88 21.06 21.39 +0.61 3.86 5050822 108213178 1.94 5732 -3.74
20140820 21.21 21.23 20.50 20.59 -3.74 3.41 5193179 107917061 1.99 6566 -1.07
20140821 20.55 20.70 19.88 20.37 -1.07 3.98 5351114 107991295 2.05 5589 +0.10
20140822 20.21 20.45 20.16 20.39 +0.10 1.42 2695239 54741017 1.03 2776 +3.04
20140825 20.37 21.19 20.07 21.01 +3.04 5.49 5131929 106418372 1.97 6934 -3.86
20140826 20.87 21.00 20.18 20.20 -3.86 3.90 3439020 70691952 1.32 5541 -0.10
20140827 20.20 20.56 20.18 20.18 -0.10 1.88 2575693 52376159 0.99 2915 +0.84
20140828 20.02 20.43 20.01 20.35 +0.84 2.08 3066430 61937226 1.18 2912 +0.05
20140829 20.31 20.44 20.12 20.36 +0.05 1.57 2626905 53316294 1.01 2752 +4.86
20140901 20.33 21.35 20.32 21.35 +4.86 5.06 6101545 128568410 2.34 7140 +0.98
20140902 21.51 21.70 20.97 21.56 +0.98 3.42 6304928 135044290 2.42 6397 +3.15
20140903 21.60 23.00 21.60 22.24 +3.15 6.49 7347868 164780180 2.82 8344 +0.22
20140904 22.33 22.58 21.88 22.29 +0.22 3.15 6351564 141474480 2.43 6828 -0.81
20140905 22.40 22.41 21.89 22.11 -0.81 2.33 4874127 107327669 1.87 4828 +2.22
20140919 23.85 23.85 22.30 22.60 +2.22 7.01 13673977 311537200 5.24 13992 +7.88
20140922 22.65 24.75 22.60 24.38 +7.88 9.51 15140687 362917220 5.80 14493 +1.64
20140923 23.85 25.26 23.61 24.78 +1.64 6.77 11493794 279741380 4.41 10804 -1.86
20140924 24.61 25.08 24.30 24.32 -1.86 3.15 7913330 194267280 3.03 8081 -1.11
20140925 24.50 25.23 23.95 24.05 -1.11 5.26 8668693 213326030 3.32 9847 -2.91
20140926 23.80 23.80 23.20 23.35 -2.91 2.49 7629261 178430090 2.92 7540 +1.07
20140929 23.80 24.17 23.53 23.60 +1.07 2.74 4949093 117459503 1.90 5140 +2.54
20140930 23.65 24.29 23.61 24.20 +2.54 2.88 5233270 125257508 2.01 5316 +5.41
20141008 24.99 25.60 24.51 25.51 +5.41 4.50 10454703 263258670 4.01 10064 -1.06
20141009 25.69 25.89 24.85 25.24 -1.06 4.08 8015633 201936430 3.07 8376 -2.38
20141010 24.90 25.30 24.57 24.64 -2.38 2.89 5196863 129052493 1.99 5793 -2.60
20141013 24.62 24.62 23.38 24.00 -2.60 5.03 6394108 152302720 2.45 7427 +0.13
20141014 24.05 24.25 23.62 24.03 +0.13 2.63 4662298 111512650 1.79 5271 -0.96
20141015 23.99 23.99 23.60 23.80 -0.96 1.62 3472184 82521619 1.33 4069 -1.81
20141016 23.69 24.44 23.35 23.37 -1.81 4.58 5087345 121313116 1.95 5509 -0.73
20141017 23.23 23.30 22.55 23.20 -0.73 3.21 6688564 153331470 2.56 9858 0
